10111010101100010101110000000000
00000010000100100001001000000000
01101001111001001001000100000000
10101100011000001000110000000000
11001000011000100000000000000000
01010000111101100001000000000000
01011011011010100011111000000000
01000011110101010110100000000000
10100100101000110010000100001110
11001110010000111111011100000000
11011101100001100010000000000000
10110000011101101101110000000000
11010100010111111001010000000000
10111110100000010001000000000000
11000010011111110000101100000000
10110001010001110000100000000000
01000000110010101010100000000000
11001000001000001100000000000000
10000100100111000001010000000000
11000001110010011000010000000000
10101101000110110111101100000000
11011111110000100011110000000000
11001001110001011011000000000000
10101011111000001111010000000000
10001110101100001101011000000000
10111001010101011101010000000000
01110010000111100011000000000000
01000010100101111100101100000000
11001101011100010100100000000000
10101010110011011010000100000000
00101001010011111111111100000000
00100110010011000000010000000000
10110001010000101100010110111011
01011101101010010010110100000000
11011001101010010111110100100000
11001110010100000010000100000000
10100101000000000110010100000000
01010101001101100011000000000000
11001111110000111000000000000000
10111110000010100010011000000000
10011001111111100000000000000000
01001111010100010101010100000000
01001110001110001000110000000000
11000010000010100011000000000000
01100111010100101101000000000000
01010101000010100100100000000000
00101101110010100110110000000000
10111001110100100001010000000000
01000010010101000111110000000000
11001111110100110001110100000000
00101111010110110101000000000000
01000010110111000010101000000000
11001001001101101100111000000000
01100111000100110000010000000000
00111010000110111100000000000000
01101110011001100010010000000000
01101101010111100001000000000000
10010011011110110001110000000000
01000000111011101101100000000000
11011111000111101111100000000000
00111101010111101011001000000000
01111010110010100000010000000000
11011110001010101001110000000000
00011000011101110000100000000000
00100110100001000111110100000000
11001111011111010110010000000000
01011011110000011111000000000000
10110010111011111111010100000000
01100011010100111100110000000000
10110011001110001101110000000000
10111110011010100001010100000000
11001011100100000101000100000000
11000010101100011110000000000000
10111110000110000010111000000000
11001010101100011101101100000000
10100001101010101100011100000000
10111001001101101001010000000000
01010111111111111001000000000000
11001001001100111000110100000000
11001000101000001101101100000000
11011010001010000110000000000000
10111110001110010010110100000000
01001010001111100101000000000000
10110110000100000110111000000000
10110011101011001110000000000000
01011111101010011000000000000000
10111001101010110101111000000000
01010100111101100100101000000000
10001111111111110110110010111100
11001010001110110101101100000000
01010001101100010010000000000000
10110101011000011010000000000000
00000101111111110100110100101100
10111100011111001000000000000000
10101011010011111010000000000000
01011000111110010010000000000000
10011111011101011101100000000000
01011011011011000001100000000000
10111001100110010000100000000000
01000001010011111100100000000000
01000111000100000011100000000000
10110001010000101010011000000000
01000110101111101001001000000000
10110100111010101010110000000000
10001010010101101000000000000000
11001000100101100000100101111100
01000010111100110000111000000000
10011101011011010100001000000000
01100111001011010010000100000000
11000100111110111100110100000000
01100111010100000001111100000000
01110101000001000101011000000000
11001011000110110001001100000000
01010101011001100010100000000000
11010000011101110000000000000000
11010001001101110000101100000000
00011000111110010011001000000000
00100101100001111000010000000000
10110010100101100111000100000000
01000010001001111011001100000000
00101001110100011100000000000000
10111001010000101001100000000000
00111101111011001111100000000000
10100100100010110000000000000000
10111001000011111010010000000000
00111101011001000010001100000000
11001111110001001000000000000000
10101100011011111001110000000000
10100111000000011010000100000000
00101101100111101111000000000000
10000010100110100011001100000000
00110010110011111010100000000000
10110000001011110001100000000000
01011110000100000001010100000000
10101010000110000010100000000000
11000010110101010110000000000000
01101010110111001101000000000000
00101010100110011000001000000000
00010001010110111110100000000000
11001110101110100011001000000000
10100001000010100110000000000000
01111011000111101100100000000000
01101101101000000100011000000000
00010111111111100010100000000000
00011011100001000000110000000000
10101110100100000000000000000000
11000010111000101000111100000000
00011011011001010111100000000000
10001111100010011110101100000000
11001011110001110101011000000000
11011000011101000101101100000000
01100101011011010111001000000000
11011000101011001000000000000000
00001100111000101111010000000000
01101000100001001000010100000000
11001000100110000100001000000000
11000100100010000000000000000000
10101010111101110101101100000000
11000110111111100111001000000000
01001110000110000010111000000000
10111001011001111100110000000000
00010111111000011011001000000000
00111110000011011000100100000000
11001100100001101001011000000000
01111000000100110100000000000000
10001010101110011000001100000000
01100111010111001000010000000000
10110010110011100000000000000000
11010001111101101100000000000000
10111101010110100011100000000000
01000100000000110110001000000000
00010001010000110000100000000000
11001111110011110001110100000000
01001101111010000111000100000000
11011010110100010111101000000000
10111001100000101001100000000000
00010111110100100011000100000000
00111110011100001110011000000000
01100111001110011111110000000000
01100111111010000010011000000000
00000101111111100100000110001000
01011011100010111001000000000000
01001110101011000100110000000000
10111001101010101100100000000000
01100111000100011111100100000000
11000100000100010110101000000000
10101010111001001101100000000000
00101001101101101010000000000000
11011001011101101010010100000000
11011000100010000111001000000000
00110010111000011010101100000000
11001010010011111110000000000000
01011110001100000110100100000000
01010001101000111100000000000000
11000010101101001000000000000000
11011000010011000010001000000000
00111011001101010011010000000000
00101101100110100011110000000000
10111110011110000110111100000000
01011111100000011101100000000000
11001100100110000101101000000000
01010101100000100111000000000000
10111100111001110010010100000000
01010111110110100011010100000000
01000010001010100111001100000000
10101111011001011001000100000000
11000001100001101101001100000000
10101011001111001011000000000000
10110010010111010110001000000000
01000011011011110011111100000000
10101011111100101100000000000000
10100101011110011111100000000000
10100101110100000001100000000000
01010100110011001110011000000000
01001100000001101100101000000000
01001111101100010111010000000000
11001000001000100011000100000000
01001110010110011111010100000000
00101101111011000101001000000000
11011100111010001101001100000000
11000011011101000000000000000000
10110110000101110110101000000000
11000001110000001011001000000000
01000010001101111111010000000000
01100111110100001000010100000000
00010111111110010101100000000000
10101111000111011010000000000000
01011101101101100110010100000000
01000010110000110100000000000000
00000101100101010110000000000000
00000101001110111011000000000000
10101100011001101110110100000000
00101000101111100000000000000000
11011001101011011110110001011000
01100111010001100101001100000000
01000000111011011000000000000000
11010001000011001001111100000000
10110111010011101100110100000000
11001001110101100011011000000000
10011101011000011001100000000000
10111001011100001110101100000000
01000111101100011010011000000000
11010100011000000100000000000000
11000101110110100000100000000000
11010101101101110011100100000000
11001010111111011111010000000000
10100011101001000010111000000000
01100011010100101010101000000000
01110001000111011110111100000000
01010111111101100001010000000000
10111001001111010101010000000000
10100110100010011000111000000000
01001000101001111010110000000000
11010011111101110011101000000000
01000100100111000001011100000000
10101101111100000000110000000000
10110001110000010001010000000000
00101111111010110000011100000000
10100111111110011110001100000000
01110110111010000111100000000000
11000011110100111011100000000000
10101000110011011010110111101110
10111001101110111110000000000000
01000100011101110000010000000000
01011001000100110010101000000000
10111101010001101100110000000000
01010100010111110000011100011010
01111100100010100011000000000000
11001001100010110000010000000000
11011100111101010101110000000000
11000010001011000001000100000000
00111111100010110110000000000000
11001100100110010101000100000000
00000101001011010100001011101011
01000001010110110011010100000000
10111110011111000001000100000000
01001111101100101110001100000000
00111010010100110000001000000000
11011000010000000011100000000000
11010010011001100110111000000000
00101110000101000100001100000000
10110101101010000111000000000000
01110111011000000111100000000000
00101101101010101111101100000000
01000101100000001001000000000000
11000100110011111100110000000000
00010001110100011100101000000000
01000010011101111101000100000000
01011010101000010010001000000000
11001000111000010000000000000000
10010010110111000010000000000000
10000011110011110110011100000000
10111001010011001111010000000000
11000111000010101110011100000000
10111110100000111100011000110000
10100110100111000000000000000000
11010101001010100011011000000000
01010111110111100000100000000000
11000011101110000100001100000000
01011000111111000110001100000000
11010000010111010011100100000000
00101101111011011111110100000000
01101000111111100010100000000000
11001000011101110000110000000000
01001101001001000100100000000000
00101100101111100000101100000000
01110001110001101100011000000000
11000011111001001111110000000000
10011010110110010000000000000000
01010111111111001011111100000000
01010001000110001111100000000000
10010001111111110000010100000000
00100101110111011110101000000000
10100011001011111001111000000000
01010000000010100001011100000000
11010100010010001001011100000000
11010011001000100110000000000000
00111011100100000110110000000000
11001011001110010100111000000000
11011000001001101111100000000000
11010101100011111111100000000000
11000000101001010011010100000000
11001010010010110100011000000000
10111101110110110111100000000000
00011111000011011100011100000000
10100110001110100001100000000000
00101101101101101001110000000000
01001111011111101011000000000000
11011000111101101100000000000000
00101101000010110001011100000000
01110010000111111111100100000000
10111011101111100000000100000000
01111001111000101100000100000000
00000001001000001110101100000000
10110001010000110111101000000000
10011111000101001100100000000000
10111001100001100101000000000000
10110110111111110011111000000000
11010001001110110011110000000000
00111010111110100010110100000000
10111111011000001110011100000000
01100111000010100110101100000000
01000011110110100011100000000000
11011111110000100010000000000000
10110001010110111001010101010111
10101101001011000101010000000000
00001000001010011100110000000000
10001011000000101010000000000000
11001011110000101100010000000000
10111110000101111010100000000000
11000001100011110110000000000000
01100111110110111101110000000000
01000001110011000110110000000000
01101000010010110001000000000000
01011011011010100011101100000000
01011101011100010010110000000000
11001011111110110111000000000000
00101101101101101101000000000000
11000100001101010111000000000000
11010011001110011000101000000000
00101111111101100010000000000000
00101001100111000101000000000000
01000011110001100111000100000000
01000001010011111010111000000000
00101011111111110011110000000000
11000110000100011101111100000000
10101010111111101010001000000000
01101010000011000100011000000000
00111110010100001101000000000000
10000010111111100000000000000000
10101010010100101001010000000000
10111001000110110001011100000000
10101101000111000001110000000000
01101101010001001110110100000000
10111010111110010001101100000000
10110001001011101010000000000000
01010101000110011110110100000000
10010101011011110111100000000000
01100111000011110110011000000000
11001011011101010011001100000000
10111110000110111001010000000000
11011110001101000000000000000000
00001110110010000000000000000000
11000110101101001000010000000000
11001000010010110110110000000000
01000000010001111001100000000000
10111110000000100101010000000000
11010010011110010000100000000000
11010001101010100000001000000000
01000010010011001010111000000000
10110001001000010100000000000000
10011010110000110010000000000000
11011111000111111111001100000000
01010110010001011000100000000000
01100000000101101000000000000000
10100100101000110110110000000000
01011001001010111010000000000000
11000000101010010010000000000000
10100000100011001101111100000000
10101000010110100110101000000000
10010000110001100101000000000000
00101101111001110101111000000000
01110000010011100000000000000000
10001010111001010110000000000000
11001100001100000010100000000000
10101010101110110000000100000000
11001010011110001110000000000000
11000001000110110110000000000000
10101000110001011110111100000000
11000011001001100000010000000000
10111100010010001000001000000000
11011001011111000000000000000000
10001011001001111110101000000000
11001100111010110111001100000000
11011001010000010100010100000000
10111001001011010110001000000000
10111101101111000111000000000000
01100111111111011100000000000000
10101101110111100111010000000000
10100010110101011011110000000000
11010010110100100001000100000000
11001000101000001101000100000000
11001011000111001010100000000000
01010011111110001001000000000000
11010011100100110101010000000000
00111101000111101110100000000000
11001011100101101010100100000000
00110010111010110011111100000000
11000011101111100000101100000000
01101100101011111111011000000000
01101011101010101110101100000000
01010000000010001000000000000000
10111000001111100001010100000000
01010111110000100110011000000000
01000011000011101110110100000000
01111010111000111011110100000000
10010100111101001100100100000000
10011111010100101101000000000000
10110101101111011110100100000000
11011000111101001101010000000000
10101010010011110101100100000000
00100011100001101100000000000000
11011000110101001101000000000000
01110011111010011111011000000000
11010010110011100101001100000000
10000011010010111110001000000000
11001000110010100000001000000000
00101101001000011100110100000000
10111101011100011000111000000000
10111010110000100101010100000000
10110100100000000001011000000000
00010111110100110111011000000000
01100111100100010101011000000000
10011011101000110001000000000000
01100111100010000100010000000000
11000010110001000001000100000000
01110011011111000100111000000000
01000011011001110011100000000000
01100011110001000111110100000000
01100111111110100010101100000000
10111010000001011011010000000000
10110000001111011000110100000000
11000011000011101000000000000000
00110001010011111110101000000000
00101110000100110001001000000000
00001101111110001011110100000000
01001011100011010101000100000000
10110010100001011010000000000000
00100110010001011011000000000000
01000110101010010110100000000000
11000100000100110101110000000000
10011010001110111000000000000000
10110011110111111010000000000000
00101101101000001111110000000000
11000010110100000101000000000000
11000010000011001110100000000000
11010010010110010101011000000000
01001000000000010011101100000000
11001110000010101111000100000000
10111100011111011110000000000000
11001000000000010111111000000000
01010000010110101110100000000000
01001100101111110101010000000000
10111001000110001000100100000000
11000110111111000100111100000000
01000110101001001001000000000000
10101101000110011010111000000000
01000001001001110110100100000000
11011000101010011001001100000000
01000010000011011100110100000000
00101001101110100000000000000000
00100110011110011011111000000000
01110110011000010100101000000000
01000111000010101101110000000000
11001011110100100101010000000000
00100101001110011011011100000000
11011000010000111010111000000000
01100110101110101000000000000000
11010100100010101010010100000000
00101101011100010101001000000000
01011011110001100111101000000000
01101001100111000001000000000000
00110010000101010100010000000000
11000001001010111101001000000000
11011111010100110000000000000000
10101010010100000110010000000000
01110011101010010010000000000000
11000111111001111101010000000000
10110001010101000001110000000000
00011000011101010011010100000000
00011011001000111000001100000000
10110001010101101111010000000000
01010100111010110100111000000000
11000000010100011011001000000000
10110001010110110001110000000000
10111100110000101101101000000000
11000111111010011000000100000000
11001011010100101011000100000000
10100101111101101111000000000000
01010011111110110001000000000000
10100100001101011010011000000000
00101001100000111011010000000000
11000111101010110001101100000000
10010001001000100000100000000000
01000101001111000101110000000000
10001010001011110011111100000000
10111110000011011000110000000000
01011111101110101001010100000000
01011011010000001101011100000000
11011100110000100011001100000000
10101000110101111100111100000000
00011000100110000110100000000000
01011011111011100110011100000000
10111110011010001000101000000000
00101110001001001001101000000000
11011000000010010100001100000000
11000001111110010000000000000000
10011111110010111101000000000000
01111101110101011010000000000000
10000000100001100110101100000000
01001000000011000111011000000000
11011110111111110000000000000000
11011111011010001110100100000000
01011000110010011100011100000000
10101000111010000000010101101011
11000010011011100010111000000000
11000000011011111101010100000000
11010000011001011100001000000000
11011000110001100111010100000000
01001010110011001001101100000000
10110101001111001100000000000000
01101000111000011000100000000000
01011001001010011110101000000000
11010001011110001001100000000000
11001011110110010000110000000000
11010011010001111100000000000000
01011000111111001100000000000000
10000110010001100010110000000000
10110101000011110100101100000000
10101010010101001010011000000000
11001100100110000111011000000000
01011011110101011000111000000000
11001000011010111000000000000000
11000001101100000100110000000000
01000001010100100001010000000000
00000101100111001100101000000000
10010111100001010010100000000000
10001010011101011001110000000000
01010010011101110000000000000000
00100110011100100111100000000000
11010001111000010110000000000000
01101110101010101101111000000000
11011101011110101110000000000000
01001110010110100110000000000000
01100111011000000010011100000000
11010101100111011011110100000000
11000000000011001100001100000000
01011110010011011100000000000000
01000101000110101011000000000000
10111100010111110000000000000000
01100111100001011011001100000000
11001011100101001111100000000000
11001010111111101001100100000000
00101110000000111000000000000000
10010000011010011000100000000000
11001101111101110000111100000000
10011000011011000111101000000000
10000001011001010110110000000000
10111001011101111001101100000000
10101010111111000111000000000000
10111011000100010100101100000000
10101010010011111101101000000000
01010110001000000000000000000000
11010000010100101100011000000000
11001110000010011001010000000000
01011010010111110000000000000000
10111001010110000000011000000000
10111001110111011000011100000000
01000000001001100100000000000000
10100111101100111011101000000000
01000010000010110011010000000000
10100001110101111111110000000000
01011011100010111000000000000000
10011111101111010100000000000000
10001110000000000001010000000000
11001111101100010000011100000000
01011011111001101110100100000000
11001101110000011001110000000000
10010101111111110001000000000000
11010100010110001010001000000000
01100111000100101000000000000000
00100100001001010010000100000000
01110011001010100100101000000000
11000100001001100010110011010000
10111010011011011000110000000000
10101101111101010100010100000000
11001001101101101111001100000000
01000000100001111101011000000000
10101000000010100101000000000000
01010000111110100010000100000000
10101111011011110001110100000000
10111100111100101101101000000000
01000011010011001000001000000000
10111001001100010110111000000000
10111111100100100000000000000000
10010001111111111110011000000000
10111001011110101001001000000000
01001000101001110000100000000000
00101001110001100010001000000000
11011000100101111100001000000000
01011111101110011000000000000000
01011011100001110110010100000000
10111101000011101011011000000000
11001011010111000110011100000000
01011111000010000010111000000000
11010100010100110010000000000000
11011000101101010010001100000000
11000001000010001011010100000000
01000101000101101011010100000000
11001001100101001000010000000000
10110110001100100100011100000000
10001101110000010010000000000000
10111001001110010111000000000000
10100111000100000010101100000000
01110101000000010101000000000000
00101110101111111110111100000000
10010001010011011110001000000000
00010111001011010101100000000000
10110101110101100011101000000000
01010110011010011001100000000000
00101110111100110100011000000000
01011101011110000100011000000000
10111011110100001101100000000000
01110101000000001110000000000000
00011000011010011000111100000000
00101110111010001001100000000000
00100111100110011111000000000000
11011100010000111110000100000000
10010010110101100110000100000000
01110110110111001101100000000000
11000110010110110101001000000000
10111110000001100001000100000000
10110100110110110101000000000000
11000001001000111100000000000000
00111010100011101110111000000000
10000000100011001000000000000000
11001110010100111001011100000000
11011001000010000111000000000000
00101011111100011011110000000000
00101111001010110001000000000000
11000111110010100110111000000000
10010010101110000111101100000000
01010010100001001010000000000000
10101010111011110111111000000000
10111100011101111010000100000000
10101101000111110001001100000000
01100111100101000111101100000000
10001111010001000000101000000000
11000001011010001111010000000000
10111010110111101101001100000000
10000010001011010111111000000000
00100110100001110011101000000000
10111100010111011101011100000000
01011111101101100101100000000000
11000000000111101000001000000000
11010000011100101000000100000000
01011011111000111111011000000000
11000000001010011000000000000000
01000100000100110010000000000000
10111001010111101010001100000000
01011011111011000001101000000000
11001100101011101001111100000000
01111101001111001001000100000000
01101001111011111000000000000000
10111010111110111001110000000000
10111110110100100101111000000000
11010001010110101110000000000000
01110010001111101000000000000000
01010101100011111111100100000000
11000010001110100110101100000000
10101010010011100100011000000000
11001000001011011010000000000000
00101101010001100000110000000000
10001110011011110100000000000000
11000110100010111001110000000000
11001111011101110101010100000000
01110011010001100111110100000000
01101000100110010010110100000000
10101000111010001100011000000000
10111110011110000110001100000000
11001101111011001111111100000000
10100010000110111010011100000000
10111010011110100010100000000000
10000001110011010010001111000000
00000010100001001000000000000000
10000011111111110111101000000000
00101101011101011010001100000000
10000011101100000110000000000000
00111101010110111010000000000000
10011100111110011110101000000000
01010001000000000101010000000000
10110001100110000100000000000000
00111111101011011100100000000000
10111101100000011110000000000000
11010000011001110111000000000000
01100111111101110100001000000000
01111001111100000110001100000000
11000000010001100111100000000000
11000101100010001000001000000000
10000000011101000000000100000000
10110101010101001001010000000000
00101101101011110110110000000000
00000101100111010000111100000000
00001110110010000100001000000000
11010001101011111110000000000000
10111011010101100111000000000000
11010100110010110000000000000000
10100100111110000100100000000000
11001010010010001101010100000000
00011000111001110000101000000000
10110110001101111111111000000000
00111111101000011111110100000000
11001011010011100111000000000000
00001100110100100111110000000000
01001111100011011010110000000000
00011111110100100000001000000000
00111111011011101110011100000000
01011111000010101101100000000000
11001011011011111110000000000000
11001100110000101110011000000000
11000100100110001100100000000000
10011000111001110011000000000000
11001010100011100101101000000000
11000011001010110010000000000000
11001100001011000001100000000000
00111111111111010110000000000000
10111110110100111010000100000000
01010010110010101100000100000000
01111100000011111011000000000000
01100111111110011111001100000000
11010011000110010000000000000000
11000111010011000110111100000000
10110100010100001101000000000000
01110011011000010000011100000000
10001111110111111010101100000000
11011000011101110000001000000000
10111001001001101010100000000000
01110111001111111100110100000000
00100100001001100000100000000000
11000101110110110110001000000000
10110100111110010001010000000000
01101011010011011101011000000000
11001110110000011011011000000000
01011110000111000000011000000000
11001000100110110101011100000000
01111011111100001000000000000000
01101101111010110101000000000000
00010111100010100111000000000000
10001001001111111101100000000000
00111101010001011101111000000000
01000101100101101010111000000000
10010001111101100000010000000000
11011100010001001010100000000000
10000110001010011110110000000000
00001000000000101100000000000000
11011001000110000101000000000000
11001011001111110000001100000000
11000001111000111100110000000000
10111111101100011011100000000000
01001000100111001011000000000000
10001111111111111100100111111100
01100111000011101010010000000000
11010101100111111000010000000000
11001100010100110010011000000000
00101101101110110100100100000000
01100111011111100001101100000000
01110110110010100011100000000000
10111001000001010010010000000000
00000101000101011110110000000000
00010111000000010101000000000000
11011001000100111111000000000000
11001101111011000001100000000000
10110100010100110000000000000000
10011101011001000111101000000000
11001011001111101100111100000000
10000111100111000000100100000000
01000000111010011101001100000000
00111111110001010101011100000000
01100101100000000101100000000000
11001100110100001001011000000000
01011111010110101001000000000000
01010001101101000001101100000000
01100111100100001001110100000000
01010001101101010100100000000000
11000101100001010001000000000000
10111111000001110001110100000000
10011010010110110010000100000000
00111111010111100000110000000000
01011110001101011010001000000000
10010000011110010111010000000000
00100000011010101001000000000000
11010011111111011110100100000000
01101101010101100000101100000000
01000000011100001100001000000000
10010010010000100100011100000000
10111100101111111010000000000000
01111101001111110100011000000000
01000011001111100010110000000000
00111101000111011111110100000000
10111011000011000000000000000000
10111101011010110001011000000000
01111101110100000100000000000000
01110101000001111001000000000000
01111100100010101010011100000000
00000001101110100001101000000000
10001011011110011100100000000000
11010001001101111001001000000000
11001111010111011101011000000000
11010101110111011000000000000000
10001000100100010010100000000000
10110101001011101011000000000000
10100100011100110011110100000000
00010100000101010000000000000000
10101101111001100000011000000000
11010011010100010110000000000000
00101101010100010110010000000000
10001100001000110101011100000000
00101101111010101001011000000000
11001100100110011101000000000000
01111010100000001110101000000000
10011001001000010000101100000000
10010111110001101100011100000000
10110101010000111000000000000000
01011101101101111000111000000000
10001101110011111111011000000000
11001111111010111110000000000000
10011101011000010101111100000000
11000010010011011001101000000000
00101010010100100111010000000000
11010011011111010110000000000000
00101101111011100001001000000000
11001011101000111111000000000000
01100000001111100010000000000000
00110010001111110110010000000000
00001110101111111000000000000000
11000110011010011111111000000000
10100100011010100011110000000000
11001101101011010011000000000000
10110101001101010010110000000000
10010110101000101101000000000000
10101001100110011011111100000000
10110111000000101110001100000000
01011101101010001000001000000000
01011001001000001011110100000000
00101101000011000100010000000000
00000010010110111111000000000000
11011111000111100101010100000000
10111100100001001101000100000000
01110001111111111100000000000000
01011011111011011000101000000000
10101010111010010000111000000000
10101000100101110110111000000000
01100111110001001101110000000000
10000110100110001111111100000000
11001100011010111011111100000000
10011101011110100000000000000000
01101010011110001010110000000000
11011000001000001100100000000000
01100111011011101000111000000000
01110001001101001111000000000000
01000100010000010011101000000000
11000001101101010001101000000000
01101111010110101111101000000000
11001000110101011010001100000000
11011000001101111011100100000000
11001000100101100000100100101000
01110110010110000001111100000000
01000011110101010011101100000000
01000110101001101011000000000000
01000101010111000001010000000000
10110101000111101111000000000000
10111101011010011101111000000000
01001000110111110001000000000000
00111110100011001110110000000000
11001111110011101111001000000000
01100111010011101011100100000000
11010010110010011000101100000000
11010000001111110000000000000000
01110010010001011011110100000000
10111010100111111111110000000000
10111110110111000100110000000000
01000011111110110000000000000000
00101000111111100000000000000000
11001010010101111010000000000000
11011100111100100000010000000000
11001010001111100010111000000000
01000100100110111000000000000000
11000011111001010100000000000000
10000000010000010110100000000000
11000100001000010110011110000000
01011100010110000000100000000000
11000001110010110111100000000000
01100111011110000000001100000000
01100111001010111011011100000000
01011111101110000111100100000000
01000010010101010001011100000000
10110011010111110000000000000000
10000110110110011010000000000000
10111101001011010010101000000000
10001101011110110101101000000000
10101010111101001101111000000000
11001001100111010110101100000000
11010000101000111100100000000000
01010010010100010110000000000000
01110001110101000000000000000000
11011010010110011010011100000000
11001001101101111100001000000000
01010000111111010101000000000000
01001010110011011110001000000000
00101101100001000010010000000000
01100000000010011000001000000000
11010101100111100001010000000000
11001001010011011010000000000000
01101101110011010110000000000000
10100001110111111010100100000000
11010100001110010000000000000000
01100110101110100001010000000000
00010111100000011101000000000000
00111101000000010000000000000000
11001001110110000000110000000000
10111100110000111101101100000000
10011011010111100011100100000000
00100101011000110101011000000000
11001011110011011001000000000000
10111110100000111101110010000000
10110001001101100001001100000000
01000111010101000111001100000000
01100111111111001001110100000000
01111001011000010000001100000000
10111010100100111001110000000000
11001110010001000111010000000000
11001011010000001010011000000000
11010001111100101101100100000000
10101000111010001000010000000000
10001010011101101100110000000000
10111001101111110001110000000000
10110011100011101000000000000000
10111111000001011010011100000000
10101101110000100100100100000000
11011001000010110001001000000000
01000001000100111000010000000000
01100000001011110000011100000000
11001011000010011101111000000000
11001000000001110110000000000000
10000110111001000111100000000000
00101101101010111111100000000000
11010001100000101011011000000000
10110101001110100100100000000000
01110100010110100111111000000000
00101110100100101000110000000000
00111101111010001010000000000000
11010010110011000111111000000000
01000000100010001110000000000000
00101110100100110011000000000000
11011000001000100011110000000000
11010101010110111101111000000000
11011000001001100111100100000000
11001111110001110000000000000000
11001011101111101000001000000000
11001110110101011101010000000000
00101101101100010000110000000000
10111001000100110101110000000000
00011000101001101100000000000000
10110001000010100011100000000000
01011110100001101011001100000000
11010010100111111001100000000000
10110100101100111000101000000000
01110100010101100011111000000000
11010011100110010000000000000000
11001011000011100111010100000000
