10111010101100010101110000000000
00000010000100100001001000000000
01101001111001001001000100000000
10101100011000001000110000000000
11001000011000100000000000000000
01010000111101100001000000000000
01011011011010100011111000000000
01000011110101010110100000000000
10100100101000110010000100001110
11001110010000111111011100000000
11011101100001100010000000000000
10110000011101101101110000000000
11010100010111111001010000000000
10111110100000010001000000000000
11000010011111110000101100000000
10110001010001110000100000000000
01000000110010101010100000000000
11001000001000001100000000000000
10000100100111000001010000000000
11000001110010011000010000000000
10101101000110110111101100000000
11011111110000100011110000000000
11001001110001011011000000000000
10101011111000001111010000000000
10001110101100001101011000000000
10111001010101011101010000000000
01110010000111100011000000000000
01000010100101111100101100000000
11001101011100010100100000000000
10101010110011011010000100000000
00101001010011111111111100000000
00100110010011000000010000000000
10110001010000101100010110111011
01011101101010010010110100000000
11011001101010010111110100100000
11001110010100000010000100000000
10100101000000000110010100000000
01010101001101100011000000000000
11001111110000111000000000000000
10111110000010100010011000000000
10011001111111100000000000000000
01001111010100010101010100000000
01001110001110001000110000000000
11000010000010100011000000000000
01100111010100101101000000000000
01010101000010100100100000000000
00101101110010100110110000000000
10111001110100100001010000000000
01000010010101000111110000000000
11001111110100110001110100000000
00101111010110110101000000000000
01000010110111000010101000000000
11001001001101101100111000000000
01100111000100110000010000000000
00111010000110111100000000000000
01101110011001100010010000000000
01101101010111100001000000000000
10010011011110110001110000000000
01000000111011101101100000000000
11011111000111101111100000000000
00111101010111101011001000000000
01111010110010100000010000000000
11011110001010101001110000000000
00011000011101110000100000000000
